[Running: cargo run --message-format=json]
   Compiling Aoc-copy v0.1.0 (/home/user/Desktop/Aoc-copy)
    Finished `dev` profile [unoptimized + debuginfo] target(s) in 0.08s
     Running `target/debug/Aoc-copy`
arr =  [8, 11, 13, 14, 15, 18, 17]
arr =  [43, 44, 47, 49, 52, 52]
arr =  [37, 40, 42, 43, 44, 47, 51]
arr =  [70, 73, 76, 79, 86]
arr =  [17, 19, 17, 20, 23]
defective 4
arr =  [61, 63, 64, 66, 68, 67, 68, 67]
defective 5
arr =  [43, 44, 43, 46, 48, 51, 54, 54]
defective 6
arr =  [79, 81, 82, 84, 82, 83, 87]
defective 7
arr =  [79, 80, 82, 79, 86]
defective 8
arr =  [58, 59, 59, 62, 65, 66]
arr =  [30, 33, 35, 35, 38, 40, 41, 39]
defective 10
arr =  [3, 6, 6, 9, 12, 12]
defective 11
arr =  [48, 50, 51, 52, 52, 56]
defective 12
arr =  [66, 69, 71, 71, 76]
defective 13
arr =  [79, 82, 86, 89, 90, 91]
defective 14
arr =  [46, 49, 50, 54, 51]
arr =  [67, 69, 71, 75, 78, 80, 81, 81]
defective 16
arr =  [30, 32, 36, 38, 42]
defective 17
arr =  [46, 49, 50, 51, 52, 56, 63]
defective 18
arr =  [7, 9, 14, 17, 18, 20]
defective 19
arr =  [27, 30, 37, 39, 40, 39]
defective 20
arr =  [32, 33, 38, 40, 40]
defective 21
arr =  [24, 25, 30, 32, 34, 36, 40]
defective 22
arr =  [42, 43, 45, 52, 59]
defective 23
arr =  [34, 31, 32, 35, 36, 39]
arr =  [43, 40, 41, 42, 43, 46, 47, 44]
defective 25
arr =  [26, 23, 24, 25, 27, 27]
defective 26
arr =  [6, 4, 6, 9, 11, 13, 15, 19]
defective 27
arr =  [22, 19, 21, 22, 24, 29]
defective 28
arr =  [11, 8, 9, 12, 10, 13, 16]
defective 29
arr =  [75, 72, 71, 73, 75, 76, 77, 76]
defective 30
arr =  [73, 72, 74, 72, 72]
defective 31
arr =  [29, 27, 26, 27, 31]
defective 32
arr =  [53, 52, 49, 50, 52, 59]
defective 33
arr =  [70, 68, 68, 70, 72]
defective 34
arr =  [37, 36, 37, 37, 40, 43, 40]
defective 35
arr =  [40, 39, 41, 43, 44, 44, 45, 45]
defective 36
arr =  [12, 9, 10, 13, 13, 16, 20]
defective 37
arr =  [46, 44, 44, 47, 48, 50, 53, 60]
defective 38
arr =  [68, 65, 69, 72, 74, 77, 80, 83]
arr =  [75, 73, 77, 80, 79]
defective 40
arr =  [64, 61, 62, 66, 66]
defective 41
arr =  [74, 73, 74, 76, 79, 83, 84, 88]
defective 42
arr =  [54, 52, 55, 58, 59, 62, 66, 72]
defective 43
arr =  [32, 30, 31, 34, 35, 41, 43]
defective 44
arr =  [42, 41, 47, 49, 47]
defective 45
arr =  [49, 46, 49, 52, 57, 57]
defective 46
arr =  [49, 48, 53, 54, 55, 56, 60]
defective 47
arr =  [33, 32, 39, 42, 45, 47, 49, 56]
defective 48
arr =  [21, 21, 22, 25, 27, 30, 33]
arr =  [83, 83, 86, 89, 88]
defective 50
arr =  [22, 22, 25, 28, 29, 31, 34, 34]
defective 51
arr =  [66, 66, 68, 69, 70, 73, 77]
defective 52
arr =  [54, 54, 56, 57, 60, 65]
defective 53
arr =  [6, 6, 7, 8, 11, 8, 10]
defective 54
arr =  [88, 88, 89, 87, 90, 91, 93, 91]
defective 55
arr =  [64, 64, 67, 70, 73, 72, 74, 74]
defective 56
arr =  [71, 71, 73, 76, 74, 78]
defective 57
arr =  [23, 23, 24, 25, 22, 29]
defective 58
arr =  [75, 75, 76, 76, 79, 81]
defective 59
arr =  [18, 18, 21, 22, 24, 24, 23]
defective 60
arr =  [57, 57, 60, 60, 60]
defective 61
arr =  [80, 80, 82, 82, 84, 87, 89, 93]
defective 62
arr =  [10, 10, 10, 12, 13, 20]
defective 63
arr =  [62, 62, 66, 68, 69, 71, 72, 73]
defective 64
arr =  [73, 73, 76, 77, 78, 82, 85, 84]
defective 65
arr =  [59, 59, 60, 64, 65, 66, 68, 68]
defective 66
arr =  [32, 32, 34, 38, 40, 41, 45]
defective 67
arr =  [63, 63, 64, 68, 74]
defective 68
arr =  [18, 18, 21, 27, 28, 29, 32]
defective 69
arr =  [75, 75, 77, 84, 85, 83]
defective 70
arr =  [44, 44, 45, 47, 52, 52]
defective 71
arr =  [80, 80, 83, 86, 92, 94, 98]
defective 72
arr =  [4, 4, 6, 8, 14, 21]
defective 73
arr =  [74, 78, 80, 81, 84, 86, 88]
arr =  [71, 75, 78, 81, 83, 84, 87, 86]
defective 75
arr =  [91, 95, 97, 98, 98]
defective 76
arr =  [67, 71, 74, 76, 79, 82, 83, 87]
defective 77
arr =  [57, 61, 64, 66, 68, 69, 72, 79]
defective 78
arr =  [7, 11, 14, 12, 14, 16, 17, 19]
defective 79
arr =  [48, 52, 53, 56, 58, 60, 59, 56]
defective 80
arr =  [28, 32, 31, 33, 34, 36, 37, 37]
defective 81
arr =  [5, 9, 7, 9, 11, 12, 16]
defective 82
arr =  [15, 19, 20, 17, 19, 21, 24, 30]
defective 83
arr =  [22, 26, 27, 29, 29, 31, 33]
defective 84
arr =  [47, 51, 52, 54, 54, 55, 57, 55]
defective 85
arr =  [1, 5, 8, 10, 10, 13, 13]
defective 86
arr =  [17, 21, 23, 26, 26, 30]
defective 87
arr =  [40, 44, 47, 47, 53]
defective 88
arr =  [9, 13, 15, 19, 20, 21, 24, 25]
defective 89
arr =  [61, 65, 66, 69, 73, 76, 75]
defective 90
arr =  [33, 37, 41, 42, 44, 46, 46]
defective 91
arr =  [2, 6, 10, 13, 14, 18]
defective 92
arr =  [74, 78, 79, 81, 85, 88, 90, 97]
defective 93
arr =  [71, 75, 77, 79, 84, 87, 90]
defective 94
arr =  [29, 33, 36, 41, 40]
defective 95
arr =  [80, 84, 87, 89, 92, 98, 98]
defective 96
arr =  [57, 61, 64, 71, 75]
defective 97
arr =  [45, 49, 51, 52, 57, 62]
defective 98
arr =  [22, 27, 30, 33, 35]
arr =  [4, 9, 12, 13, 16, 19, 16]
defective 100
arr =  [35, 40, 41, 43, 46, 49, 49]
defective 101
arr =  [14, 20, 23, 25, 27, 29, 33]
defective 102
arr =  [12, 19, 22, 25, 30]
defective 103
arr =  [77, 82, 81, 82, 85, 88, 89, 91]
defective 104
arr =  [85, 91, 93, 91, 88]
defective 105
arr =  [50, 56, 58, 61, 63, 62, 62]
defective 106
arr =  [45, 51, 54, 56, 58, 60, 58, 62]
defective 107
arr =  [4, 10, 11, 12, 13, 10, 12, 19]
defective 108
arr =  [13, 20, 21, 24, 24, 26, 29, 30]
defective 109
arr =  [40, 45, 46, 48, 48, 49, 51, 48]
defective 110
arr =  [83, 89, 90, 91, 91, 91]
defective 111
arr =  [13, 19, 19, 22, 25, 27, 30, 34]
defective 112
arr =  [33, 40, 41, 41, 44, 50]
defective 113
arr =  [79, 84, 87, 91, 94]
defective 114
arr =  [58, 63, 64, 65, 66, 70, 72, 71]
defective 115
arr =  [69, 75, 79, 82, 82]
defective 116
arr =  [38, 45, 49, 52, 56]
defective 117
arr =  [36, 42, 45, 49, 50, 51, 57]
defective 118
arr =  [74, 81, 87, 89, 92]
defective 119
arr =  [12, 17, 19, 21, 24, 25, 31, 28]
defective 120
arr =  [58, 65, 68, 69, 76, 76]
defective 121
arr =  [13, 20, 21, 23, 29, 33]
defective 122
arr =  [30, 36, 41, 44, 50]
defective 123
arr =  [90, 88, 87, 85, 82, 85]
arr =  [52, 50, 47, 44, 44]
arr =  [35, 33, 31, 29, 27, 25, 22, 18]
arr =  [77, 76, 73, 70, 64]
arr =  [19, 17, 16, 17, 16, 15, 12]
defective 128
arr =  [76, 73, 75, 72, 75]
defective 129
arr =  [9, 8, 10, 9, 9]
defective 130
arr =  [71, 68, 71, 69, 65]
defective 131
arr =  [79, 76, 78, 76, 69]
defective 132
arr =  [95, 93, 92, 92, 90, 87]
arr =  [63, 60, 60, 58, 55, 52, 54]
defective 134
arr =  [11, 9, 7, 7, 5, 5]
defective 135
arr =  [77, 76, 73, 73, 71, 69, 65]
defective 136
arr =  [89, 87, 85, 85, 82, 81, 79, 73]
defective 137
arr =  [34, 31, 30, 26, 23]
defective 138
arr =  [19, 16, 15, 12, 10, 6, 8]
arr =  [17, 16, 15, 13, 10, 6, 5, 5]
defective 140
arr =  [18, 16, 13, 12, 9, 5, 1]
defective 141
arr =  [98, 97, 95, 93, 89, 82]
defective 142
arr =  [18, 16, 15, 8, 6]
defective 143
arr =  [31, 29, 28, 26, 25, 22, 17, 19]
arr =  [34, 31, 30, 24, 22, 22]
defective 145
arr =  [52, 51, 46, 44, 41, 39, 35]
defective 146
arr =  [70, 68, 63, 62, 56]
defective 147
arr =  [17, 20, 17, 16, 15, 14]
arr =  [81, 83, 81, 80, 78, 79]
defective 149
arr =  [85, 86, 84, 83, 83]
defective 150
arr =  [38, 40, 37, 36, 35, 33, 30, 26]
defective 151
arr =  [70, 72, 69, 67, 66, 59]
defective 152
arr =  [85, 87, 86, 87, 86]
defective 153
arr =  [15, 16, 15, 13, 15, 14, 11, 13]
defective 154
arr =  [28, 31, 29, 31, 28, 26, 26]
defective 155
arr =  [81, 82, 83, 82, 78]
defective 156
arr =  [44, 46, 43, 42, 39, 40, 38, 32]
defective 157
arr =  [55, 56, 53, 50, 47, 44, 44, 42]
defective 158
arr =  [83, 86, 83, 82, 81, 80, 80, 82]
defective 159
arr =  [54, 56, 56, 55, 55]
defective 160
arr =  [9, 11, 10, 10, 9, 5]
defective 161
arr =  [16, 18, 17, 15, 14, 14, 12, 7]
defective 162
arr =  [51, 53, 50, 46, 43]
defective 163
arr =  [80, 81, 78, 75, 71, 70, 73]
defective 164
arr =  [43, 44, 43, 41, 37, 35, 32, 32]
defective 165
arr =  [88, 89, 86, 83, 79, 76, 74, 70]
defective 166
arr =  [50, 53, 51, 50, 49, 46, 42, 37]
defective 167
arr =  [74, 77, 70, 67, 66, 65, 62, 59]
defective 168
arr =  [28, 29, 24, 21, 24]
defective 169
arr =  [23, 25, 22, 21, 20, 14, 14]
defective 170
arr =  [56, 59, 57, 52, 50, 49, 47, 43]
defective 171
arr =  [39, 41, 40, 39, 37, 31, 29, 22]
defective 172
arr =  [83, 83, 82, 79, 77]
arr =  [83, 83, 81, 78, 76, 77]
defective 174
arr =  [58, 58, 56, 55, 55]
defective 175
arr =  [39, 39, 36, 34, 31, 29, 25]
defective 176
arr =  [96, 96, 95, 94, 93, 88]
defective 177
arr =  [35, 35, 34, 32, 35, 32, 30]
defective 178
arr =  [82, 82, 80, 81, 83]
defective 179
arr =  [72, 72, 69, 68, 69, 68, 68]
defective 180
arr =  [71, 71, 70, 71, 69, 65]
defective 181
arr =  [16, 16, 17, 16, 13, 6]
defective 182
arr =  [79, 79, 76, 75, 72, 72, 69]
defective 183
arr =  [30, 30, 30, 28, 29]
defective 184
arr =  [33, 33, 30, 30, 28, 27, 26, 26]
defective 185
arr =  [42, 42, 42, 39, 35]
defective 186
arr =  [90, 90, 90, 89, 86, 83, 81, 75]
defective 187
arr =  [46, 46, 43, 41, 37, 34]
defective 188
arr =  [90, 90, 87, 85, 82, 78, 81]
defective 189
arr =  [21, 21, 20, 19, 15, 12, 10, 10]
defective 190
arr =  [66, 66, 63, 59, 58, 57, 53]
defective 191
arr =  [94, 94, 90, 87, 82]
defective 192
arr =  [69, 69, 66, 63, 58, 57, 55, 52]
defective 193
arr =  [64, 64, 59, 56, 58]
defective 194
arr =  [72, 72, 66, 63, 62, 62]
defective 195
arr =  [89, 89, 87, 81, 77]
defective 196
arr =  [94, 94, 93, 90, 87, 80, 73]
defective 197
arr =  [50, 46, 45, 43, 40, 38, 37]
arr =  [22, 18, 15, 12, 10, 7, 4, 7]
defective 199
arr =  [82, 78, 76, 73, 73]
defective 200
arr =  [64, 60, 57, 55, 52, 51, 50, 46]
defective 201
arr =  [93, 89, 86, 84, 82, 81, 80, 73]
defective 202
arr =  [99, 95, 92, 93, 90, 89, 87]
defective 203
arr =  [97, 93, 91, 94, 91, 90, 91]
defective 204
arr =  [55, 51, 54, 51, 48, 48]
defective 205
arr =  [41, 37, 34, 35, 31]
defective 206
arr =  [88, 84, 81, 83, 81, 74]
defective 207
arr =  [38, 34, 32, 29, 26, 26, 25]
defective 208
arr =  [79, 75, 75, 73, 72, 70, 69, 72]
defective 209
arr =  [93, 89, 89, 88, 86, 83, 81, 81]
defective 210
arr =  [38, 34, 31, 29, 29, 28, 24]
defective 211
arr =  [84, 80, 78, 77, 77, 76, 75, 68]
defective 212
arr =  [90, 86, 84, 81, 77, 75]
defective 213
arr =  [70, 66, 62, 59, 56, 58]
defective 214
arr =  [36, 32, 28, 27, 27]
defective 215
arr =  [99, 95, 93, 89, 85]
defective 216
arr =  [98, 94, 90, 87, 80]
defective 217
arr =  [41, 37, 35, 33, 27, 24, 23]
defective 218
arr =  [38, 34, 27, 24, 23, 20, 18, 19]
defective 219
arr =  [49, 45, 43, 38, 35, 33, 30, 30]
defective 220
arr =  [33, 29, 28, 22, 21, 17]
defective 221
arr =  [92, 88, 86, 85, 83, 77, 71]
defective 222
arr =  [58, 52, 49, 46, 44, 43, 40, 37]
arr =  [43, 38, 37, 36, 33, 31, 30, 33]
defective 224
arr =  [69, 63, 61, 59, 57, 56, 56]
defective 225
arr =  [60, 55, 54, 53, 49]
defective 226
arr =  [96, 91, 88, 85, 84, 81, 78, 71]
defective 227
arr =  [41, 35, 34, 31, 29, 32, 29, 27]
defective 228
arr =  [53, 47, 46, 47, 45, 42, 41, 44]
defective 229
arr =  [68, 62, 65, 62, 62]
defective 230
arr =  [92, 86, 85, 87, 83]
defective 231
arr =  [95, 89, 88, 90, 89, 86, 83, 76]
defective 232
arr =  [78, 73, 71, 70, 70, 68, 65, 63]
defective 233
arr =  [15, 8, 8, 5, 2, 5]
defective 234
arr =  [67, 61, 61, 59, 58, 56, 55, 55]
defective 235
arr =  [45, 40, 38, 35, 35, 31]
defective 236
arr =  [81, 76, 76, 74, 69]
defective 237
arr =  [14, 9, 5, 4, 3]
defective 238
arr =  [19, 14, 10, 9, 11]
defective 239
arr =  [33, 27, 23, 21, 18, 16, 15, 15]
defective 240
arr =  [86, 79, 76, 72, 71, 70, 68, 64]
defective 241
arr =  [69, 64, 63, 59, 54]
defective 242
arr =  [19, 14, 13, 10, 5, 3, 2, 1]
defective 243
arr =  [21, 16, 15, 12, 7, 6, 7]
defective 244
arr =  [76, 70, 64, 63, 61, 59, 59]
defective 245
arr =  [76, 71, 69, 68, 61, 60, 56]
defective 246
arr =  [65, 60, 55, 52, 49, 46, 39]
defective 247
arr =  [76, 79, 80, 82, 83, 80]
arr =  [23, 24, 27, 28, 30, 30]
arr =  [36, 37, 40, 43, 47]
arr =  [43, 44, 47, 48, 49, 54]
arr =  [22, 24, 27, 24, 25, 26]
defective 252
arr =  [41, 43, 46, 49, 46, 48, 50, 49]
defective 253
arr =  [82, 85, 82, 85, 88, 88]
defective 254
arr =  [12, 14, 11, 13, 14, 18]
defective 255
arr =  [68, 69, 66, 68, 70, 71, 72, 79]
defective 256
arr =  [7, 9, 9, 12, 14]
arr =  [29, 32, 32, 34, 35, 37, 38, 35]
defective 258
arr =  [79, 82, 82, 84, 84]
defective 259
arr =  [83, 86, 87, 89, 89, 92, 96]
defective 260
arr =  [50, 53, 55, 56, 56, 61]
defective 261
arr =  [71, 74, 77, 81, 82]
defective 262
arr =  [41, 42, 45, 47, 48, 49, 53, 51]
arr =  [33, 34, 35, 38, 39, 43, 43]
defective 264
arr =  [20, 21, 24, 28, 32]
defective 265
arr =  [44, 46, 47, 51, 52, 57]
defective 266
arr =  [35, 36, 38, 40, 43, 49, 52]
defective 267
arr =  [16, 17, 18, 19, 24, 25, 26, 25]
defective 268
arr =  [65, 68, 71, 77, 77]
defective 269
arr =  [9, 10, 13, 15, 16, 17, 23, 27]
defective 270
arr =  [10, 11, 13, 19, 20, 23, 28]
defective 271
arr =  [23, 22, 24, 27, 28]
arr =  [56, 55, 56, 57, 60, 61, 64, 61]
defective 273
arr =  [9, 6, 7, 8, 11, 13, 13]
defective 274
arr =  [35, 33, 34, 37, 38, 42]
defective 275
arr =  [68, 65, 67, 68, 69, 70, 77]
defective 276
arr =  [5, 3, 6, 7, 6, 8, 9]
defective 277
arr =  [84, 82, 83, 81, 80]
arr =  [98, 96, 93, 94, 94]
defective 279
arr =  [5, 3, 5, 4, 6, 7, 10, 14]
defective 280
arr =  [27, 26, 23, 24, 27, 33]
defective 281
arr =  [22, 21, 24, 24, 27, 30, 32]
defective 282
arr =  [82, 79, 81, 83, 85, 85, 83]
defective 283
arr =  [14, 12, 15, 15, 18, 18]
defective 284
arr =  [77, 75, 77, 77, 80, 81, 85]
defective 285
arr =  [83, 82, 82, 85, 86, 88, 94]
defective 286
arr =  [5, 3, 5, 8, 12, 15, 18]
defective 287
arr =  [71, 70, 74, 75, 76, 78, 77]
defective 288
arr =  [76, 74, 75, 78, 82, 82]
defective 289
arr =  [23, 22, 25, 28, 31, 35, 37, 41]
defective 290
arr =  [73, 72, 73, 74, 78, 79, 85]
defective 291
arr =  [33, 31, 33, 39, 42, 43, 46, 49]
defective 292
arr =  [14, 12, 15, 17, 20, 27, 26]
defective 293
arr =  [67, 65, 66, 67, 68, 74, 74]
defective 294
arr =  [84, 82, 83, 86, 87, 89, 95, 99]
defective 295
arr =  [77, 75, 82, 84, 89]
defective 296
arr =  [86, 86, 88, 89, 90, 91, 94]
arr =  [26, 26, 29, 31, 32, 35, 38, 36]
defective 298
arr =  [33, 33, 34, 36, 39, 42, 45, 45]
defective 299
arr =  [57, 57, 58, 59, 61, 63, 67]
defective 300
arr =  [13, 13, 15, 17, 23]
defective 301
arr =  [41, 41, 44, 47, 49, 51, 49, 52]
defective 302
arr =  [93, 93, 96, 93, 92]
defective 303
arr =  [22, 22, 23, 26, 28, 27, 27]
defective 304
arr =  [16, 16, 17, 19, 18, 21, 25]
defective 305
arr =  [57, 57, 58, 59, 60, 58, 63]
defective 306
arr =  [20, 20, 20, 22, 25, 28, 29, 32]
defective 307
arr =  [42, 42, 42, 43, 44, 46, 48, 47]
defective 308
arr =  [28, 28, 29, 30, 32, 32, 34, 34]
defective 309
arr =  [54, 54, 56, 58, 60, 62, 62, 66]
defective 310
arr =  [45, 45, 46, 46, 47, 52]
defective 311
arr =  [50, 50, 52, 56, 59, 62, 63]
defective 312
arr =  [68, 68, 72, 75, 76, 74]
defective 313
arr =  [6, 6, 9, 10, 14, 17, 17]
defective 314
arr =  [60, 60, 62, 66, 67, 71]
defective 315
arr =  [7, 7, 10, 14, 19]
defective 316
arr =  [15, 15, 17, 23, 25]
defective 317
arr =  [33, 33, 36, 43, 40]
defective 318
arr =  [80, 80, 86, 88, 90, 90]
defective 319
arr =  [4, 4, 11, 14, 15, 17, 18, 22]
defective 320
arr =  [62, 62, 64, 67, 74, 76, 77, 82]
defective 321
arr =  [26, 30, 32, 33, 36, 39, 41]
arr =  [63, 67, 70, 73, 74, 71]
defective 323
arr =  [46, 50, 52, 54, 57, 59, 59]
defective 324
arr =  [11, 15, 17, 18, 21, 24, 25, 29]
defective 325
arr =  [44, 48, 50, 53, 56, 57, 60, 66]
defective 326
arr =  [54, 58, 56, 58, 59, 60]
arr =  [5, 9, 8, 11, 12, 13, 16, 14]
defective 328
arr =  [52, 56, 57, 58, 61, 60, 60]
defective 329
arr =  [72, 76, 74, 75, 79]
defective 330
arr =  [56, 60, 61, 60, 61, 62, 67]
defective 331
arr =  [30, 34, 37, 37, 40, 43]
defective 332
arr =  [42, 46, 46, 48, 50, 48]
defective 333
arr =  [51, 55, 55, 58, 59, 62, 64, 64]
defective 334
arr =  [34, 38, 39, 39, 42, 46]
defective 335
arr =  [72, 76, 79, 79, 84]
defective 336
arr =  [19, 23, 26, 30, 31]
defective 337
arr =  [18, 22, 25, 27, 29, 30, 34, 31]
defective 338
arr =  [82, 86, 87, 90, 94, 94]
defective 339
arr =  [79, 83, 86, 90, 91, 93, 97]
defective 340
arr =  [19, 23, 24, 28, 33]
defective 341
arr =  [20, 24, 26, 32, 35, 38]
defective 342
arr =  [67, 71, 73, 78, 75]
defective 343
arr =  [7, 11, 18, 19, 19]
defective 344
arr =  [43, 47, 52, 53, 57]
defective 345
arr =  [68, 72, 75, 82, 85, 88, 93]
defective 346
arr =  [24, 29, 30, 33, 35, 36]
arr =  [73, 80, 82, 84, 87, 90, 89]
defective 348
arr =  [77, 83, 86, 87, 88, 91, 91]
defective 349
arr =  [80, 86, 87, 90, 91, 94, 98]
defective 350
arr =  [43, 50, 51, 53, 54, 61]
defective 351
arr =  [45, 52, 50, 52, 55, 57]
defective 352
arr =  [42, 48, 51, 52, 51, 49]
defective 353
arr =  [79, 86, 84, 85, 85]
defective 354
arr =  [53, 59, 61, 62, 59, 63]
defective 355
arr =  [47, 54, 57, 59, 62, 59, 64]
defective 356
arr =  [53, 60, 60, 62, 63]
defective 357
arr =  [13, 18, 18, 20, 19]
defective 358
arr =  [73, 80, 80, 82, 82]
defective 359
arr =  [45, 51, 52, 52, 53, 54, 57, 61]
defective 360
arr =  [24, 29, 30, 32, 35, 35, 38, 43]
defective 361
arr =  [83, 90, 92, 96, 98]
defective 362
arr =  [13, 18, 19, 22, 26, 27, 26]
defective 363
arr =  [51, 57, 58, 60, 62, 65, 69, 69]
defective 364
arr =  [41, 47, 48, 52, 53, 57]
defective 365
arr =  [26, 32, 33, 34, 35, 39, 44]
defective 366
arr =  [49, 55, 61, 63, 66, 68, 71]
defective 367
arr =  [67, 74, 76, 77, 80, 86, 84]
defective 368
arr =  [6, 11, 12, 13, 20, 22, 22]
defective 369
arr =  [11, 16, 19, 25, 29]
defective 370
arr =  [74, 79, 85, 87, 92]
defective 371
arr =  [52, 49, 48, 46, 49]
arr =  [65, 64, 62, 59, 59]
arr =  [90, 89, 86, 84, 83, 79]
arr =  [97, 96, 93, 91, 85]
arr =  [50, 49, 47, 45, 47, 46]
defective 376
arr =  [58, 55, 52, 49, 51, 48, 50]
defective 377
arr =  [16, 13, 12, 11, 9, 10, 7, 7]
defective 378
arr =  [29, 26, 24, 25, 21]
arr =  [42, 41, 39, 38, 41, 38, 37, 32]
defective 380
arr =  [35, 34, 31, 31, 30, 29]
arr =  [12, 10, 7, 6, 4, 4, 5]
defective 382
arr =  [74, 73, 71, 69, 67, 67, 67]
defective 383
arr =  [87, 84, 84, 83, 79]
defective 384
arr =  [23, 22, 19, 18, 17, 17, 16, 11]
defective 385
arr =  [60, 59, 57, 53, 52, 49]
defective 386
arr =  [89, 86, 85, 83, 79, 82]
arr =  [57, 55, 51, 48, 45, 43, 40, 40]
defective 388
arr =  [65, 64, 61, 60, 58, 54, 53, 49]
defective 389
arr =  [44, 41, 37, 34, 28]
defective 390
arr =  [89, 87, 84, 77, 76, 74, 72]
defective 391
arr =  [24, 23, 20, 18, 11, 12]
defective 392
arr =  [86, 84, 81, 76, 74, 74]
defective 393
arr =  [50, 47, 46, 39, 36, 34, 30]
defective 394
arr =  [45, 42, 36, 33, 31, 29, 23]
defective 395
arr =  [39, 42, 39, 37, 35, 32]
arr =  [82, 85, 84, 83, 85]
defective 397
arr =  [87, 89, 88, 85, 83, 82, 79, 79]
defective 398
arr =  [45, 46, 45, 42, 38]
defective 399
arr =  [33, 35, 32, 31, 25]
defective 400
arr =  [10, 12, 10, 13, 10, 8, 6, 3]
defective 401
arr =  [3, 6, 3, 5, 4, 3, 4]
defective 402
arr =  [70, 73, 72, 73, 72, 69, 66, 66]
defective 403
arr =  [70, 71, 68, 70, 66]
defective 404
arr =  [50, 52, 54, 53, 52, 50, 44]
defective 405
arr =  [81, 82, 79, 78, 76, 76, 73, 70]
defective 406
arr =  [27, 28, 25, 25, 23, 22, 23]
defective 407
arr =  [4, 6, 5, 5, 5]
defective 408
arr =  [87, 89, 86, 83, 83, 80, 78, 74]
defective 409
arr =  [30, 33, 30, 29, 29, 26, 23, 18]
defective 410
arr =  [33, 35, 32, 28, 25, 24, 23, 21]
defective 411
arr =  [25, 27, 26, 25, 21, 23]
defective 412
arr =  [18, 21, 17, 15, 12, 9, 9]
defective 413
arr =  [21, 22, 18, 16, 12]
defective 414
arr =  [50, 53, 51, 47, 44, 43, 42, 35]
defective 415
arr =  [16, 17, 12, 11, 8, 7, 4, 1]
defective 416
arr =  [15, 17, 11, 9, 6, 8]
defective 417
arr =  [59, 60, 58, 56, 51, 50, 50]
defective 418
arr =  [94, 96, 94, 89, 88, 87, 85, 81]
defective 419
arr =  [29, 30, 28, 25, 22, 21, 14, 9]
defective 420
arr =  [33, 33, 30, 28, 27, 24, 23]
arr =  [16, 16, 13, 11, 14]
defective 422
arr =  [7, 7, 6, 5, 4, 3, 3]
defective 423
arr =  [82, 82, 81, 79, 77, 76, 72]
defective 424
arr =  [18, 18, 16, 15, 9]
defective 425
arr =  [62, 62, 59, 57, 60, 57, 55]
defective 426
arr =  [69, 69, 67, 66, 67, 70]
defective 427
arr =  [18, 18, 19, 17, 16, 15, 12, 12]
defective 428
arr =  [46, 46, 45, 42, 44, 40]
defective 429
arr =  [47, 47, 48, 46, 40]
defective 430
arr =  [50, 50, 50, 49, 47, 45]
defective 431
arr =  [40, 40, 38, 38, 36, 33, 32, 35]
defective 432
arr =  [41, 41, 38, 36, 36, 34, 34]
defective 433
arr =  [59, 59, 56, 53, 53, 49]
defective 434
arr =  [38, 38, 35, 35, 28]
defective 435
arr =  [65, 65, 62, 58, 57, 56, 55]
defective 436
arr =  [80, 80, 77, 73, 72, 70, 73]
defective 437
arr =  [23, 23, 19, 17, 17]
defective 438
arr =  [58, 58, 57, 53, 50, 47, 45, 41]
defective 439
arr =  [96, 96, 93, 91, 87, 84, 81, 76]
defective 440
arr =  [99, 99, 98, 91, 89, 86, 83]
defective 441
arr =  [91, 91, 84, 82, 83]
defective 442
arr =  [51, 51, 49, 46, 43, 36, 36]
defective 443
arr =  [41, 41, 36, 35, 31]
defective 444
arr =  [45, 45, 39, 37, 32]
defective 445
arr =  [53, 49, 47, 45, 42, 40]
arr =  [39, 35, 33, 31, 33]
defective 447
arr =  [65, 61, 59, 57, 55, 53, 53]
defective 448
arr =  [29, 25, 22, 19, 16, 13, 11, 7]
defective 449
arr =  [58, 54, 51, 49, 48, 41]
defective 450
arr =  [74, 70, 69, 71, 70, 67, 64]
defective 451
arr =  [23, 19, 21, 19, 21]
defective 452
arr =  [34, 30, 32, 31, 31]
defective 453
arr =  [89, 85, 82, 80, 78, 81, 77]
defective 454
arr =  [71, 67, 68, 65, 64, 63, 62, 56]
defective 455
arr =  [20, 16, 13, 12, 12, 9, 6, 3]
defective 456
arr =  [64, 60, 59, 59, 56, 54, 55]
defective 457
arr =  [32, 28, 28, 25, 22, 19, 19]
defective 458
arr =  [79, 75, 75, 73, 69]
defective 459
arr =  [41, 37, 37, 36, 35, 29]
defective 460
arr =  [41, 37, 34, 30, 28, 25]
defective 461
arr =  [90, 86, 85, 81, 80, 78, 75, 76]
defective 462
arr =  [86, 82, 79, 76, 73, 69, 68, 68]
defective 463
arr =  [83, 79, 77, 74, 70, 68, 67, 63]
defective 464
arr =  [74, 70, 66, 64, 62, 56]
defective 465
arr =  [67, 63, 58, 57, 56]
defective 466
arr =  [98, 94, 92, 86, 83, 80, 78, 80]
defective 467
arr =  [55, 51, 50, 49, 42, 40, 40]
defective 468
arr =  [45, 41, 40, 38, 32, 30, 26]
defective 469
arr =  [60, 56, 53, 51, 46, 40]
defective 470
arr =  [98, 91, 88, 87, 85, 84, 82]
arr =  [48, 42, 41, 38, 37, 36, 37]
defective 472
arr =  [37, 32, 31, 29, 29]
defective 473
arr =  [69, 64, 63, 61, 58, 55, 51]
defective 474
arr =  [33, 26, 25, 24, 22, 21, 16]
defective 475
arr =  [72, 66, 63, 60, 63, 62, 59, 56]
defective 476
arr =  [70, 64, 61, 60, 57, 60, 61]
defective 477
arr =  [18, 12, 10, 8, 9, 7, 5, 5]
defective 478
arr =  [84, 77, 74, 76, 75, 71]
defective 479
arr =  [28, 22, 23, 21, 18, 11]
defective 480
arr =  [82, 77, 75, 73, 73, 70, 67]
defective 481
arr =  [17, 10, 7, 7, 10]
defective 482
arr =  [21, 14, 11, 8, 8, 8]
defective 483
arr =  [51, 46, 43, 42, 39, 37, 37, 33]
defective 484
arr =  [48, 41, 41, 39, 36, 31]
defective 485
arr =  [50, 44, 43, 40, 36, 34, 31]
defective 486
arr =  [43, 38, 36, 33, 30, 27, 23, 26]
defective 487
arr =  [89, 84, 80, 78, 78]
defective 488
arr =  [40, 33, 29, 26, 24, 22, 19, 15]
defective 489
arr =  [60, 54, 52, 48, 47, 46, 43, 37]
defective 490
arr =  [76, 70, 69, 66, 61, 60, 58]
defective 491
arr =  [64, 59, 57, 50, 47, 49]
defective 492
arr =  [77, 70, 68, 65, 64, 61, 55, 55]
defective 493
arr =  [93, 88, 86, 83, 77, 76, 72]
defective 494
arr =  [59, 54, 53, 51, 49, 47, 40, 34]
defective 495
arr =  [38, 42, 43, 46, 50]
defective 496
arr =  [30, 28, 29, 27, 29]
defective 497
arr =  [78, 78, 82, 85, 87, 87]
defective 498
arr =  [18, 18, 18, 16, 14, 7]
defective 499
arr =  [19, 23, 25, 30, 32, 38]
defective 500
arr =  [94, 94, 93, 92, 91, 86, 83, 86]
defective 501
arr =  [2, 4, 7, 14, 14]
defective 502
arr =  [57, 53, 50, 49, 46, 42, 41, 39]
defective 503
arr =  [35, 39, 41, 40, 43, 47]
defective 504
arr =  [52, 56, 60, 62, 63, 60]
defective 505
arr =  [77, 83, 86, 88, 90, 90, 88]
defective 506
arr =  [77, 77, 76, 77, 79]
defective 507
arr =  [33, 28, 25, 23, 26, 22]
defective 508
arr =  [40, 41, 43, 40, 43, 47]
defective 509
arr =  [37, 34, 31, 30, 28, 25, 24]
arr =  [45, 43, 42, 39, 38, 35, 34]
arr =  [99, 98, 96, 95, 92, 91]
arr =  [30, 27, 26, 24, 22]
arr =  [40, 39, 36, 35, 33, 31]
arr =  [70, 68, 66, 63, 62, 60]
arr =  [91, 89, 88, 85, 84, 82]
arr =  [51, 53, 56, 57, 58]
arr =  [56, 59, 61, 64, 67, 70]
arr =  [75, 72, 69, 68, 67, 65, 62]
arr =  [60, 63, 64, 67, 69]
arr =  [72, 71, 69, 66, 63, 62, 60, 57]
arr =  [85, 87, 89, 91, 94]
arr =  [10, 12, 13, 14, 16]
arr =  [53, 51, 48, 45, 43, 40, 38, 37]
arr =  [22, 19, 17, 15, 12, 10]
arr =  [47, 48, 49, 52, 53, 55]
arr =  [38, 36, 33, 30, 27, 25, 22, 21]
arr =  [87, 86, 83, 81, 80, 78, 75, 74]
arr =  [98, 96, 94, 92, 89, 86, 83]
arr =  [14, 13, 11, 10, 9, 7, 4]
arr =  [81, 79, 76, 74, 72, 71]
arr =  [54, 57, 59, 60, 61, 63, 64]
arr =  [71, 73, 75, 76, 77, 80]
arr =  [12, 13, 16, 18, 21, 23, 24, 26]
arr =  [17, 20, 22, 25, 27]
arr =  [49, 50, 51, 53, 55, 57, 59, 61]
arr =  [11, 14, 15, 16, 17, 19]
arr =  [11, 13, 15, 17, 18, 20, 21]
arr =  [81, 80, 78, 75, 73, 72, 70, 69]
arr =  [17, 19, 22, 23, 26, 27, 30, 32]
arr =  [31, 30, 27, 25, 22]
arr =  [2, 5, 6, 8, 9, 10]
arr =  [67, 70, 71, 74, 75, 77]
arr =  [24, 22, 20, 18, 16]
arr =  [86, 83, 82, 81, 79]
arr =  [72, 73, 75, 76, 77]
arr =  [16, 13, 11, 8, 6, 4]
arr =  [76, 73, 71, 70, 69, 67, 64, 63]
arr =  [84, 87, 88, 90, 93, 96, 99]
arr =  [20, 17, 15, 12, 9, 8, 7, 5]
arr =  [61, 64, 67, 68, 70]
arr =  [23, 20, 18, 16, 15, 12]
arr =  [77, 75, 72, 70, 67, 65, 63]
arr =  [11, 14, 16, 19, 20, 21, 23, 25]
arr =  [47, 50, 52, 55, 56, 59]
arr =  [77, 79, 81, 83, 84]
arr =  [15, 13, 12, 10, 9, 8, 5]
arr =  [76, 78, 80, 81, 83, 86, 87, 88]
arr =  [76, 78, 81, 83, 85, 87, 90, 93]
arr =  [7, 10, 12, 13, 14]
arr =  [46, 45, 42, 41, 39, 38, 35, 32]
arr =  [90, 88, 85, 83, 82, 80, 77]
arr =  [6, 9, 11, 12, 14, 17]
arr =  [91, 88, 87, 85, 83, 82, 80]
arr =  [41, 40, 37, 36, 33, 31, 28]
arr =  [95, 93, 90, 89, 86, 83, 80, 79]
arr =  [37, 35, 33, 30, 28]
arr =  [84, 86, 87, 88, 89, 92, 95, 97]
arr =  [43, 42, 40, 38, 37]
arr =  [25, 28, 31, 33, 36, 39]
arr =  [44, 45, 47, 48, 50]
arr =  [85, 82, 79, 77, 76]
arr =  [17, 20, 22, 23, 26, 28]
arr =  [1, 4, 6, 8, 9, 11, 14]
arr =  [73, 72, 69, 66, 64, 63, 61, 60]
arr =  [79, 81, 84, 85, 86, 89]
arr =  [4, 6, 8, 11, 13]
arr =  [68, 65, 64, 63, 60, 59, 56]
arr =  [61, 60, 57, 54, 51]
arr =  [28, 31, 33, 36, 39, 41, 42]
arr =  [41, 44, 45, 48, 50, 53]
arr =  [88, 87, 85, 83, 82, 79]
arr =  [32, 33, 36, 37, 39]
arr =  [19, 20, 23, 26, 27, 30, 32, 34]
arr =  [82, 85, 86, 89, 92, 94, 97, 99]
arr =  [43, 45, 46, 49, 52, 55, 58]
arr =  [63, 66, 68, 69, 72, 74, 77, 79]
arr =  [66, 68, 71, 74, 76, 78, 80]
arr =  [60, 63, 64, 65, 66, 69, 72, 75]
arr =  [87, 85, 82, 81, 78, 76, 73, 70]
arr =  [46, 47, 49, 51, 53]
arr =  [23, 21, 19, 18, 17, 15, 12, 9]
arr =  [58, 56, 55, 52, 50, 47, 45]
arr =  [67, 65, 64, 61, 58, 56, 55, 54]
arr =  [73, 72, 69, 68, 66, 64, 63]
arr =  [36, 37, 38, 39, 41, 44, 47, 48]
arr =  [31, 34, 35, 37, 38]
arr =  [46, 45, 42, 41, 38, 36, 35]
arr =  [38, 37, 34, 32, 31]
arr =  [68, 70, 72, 73, 75, 78, 81, 83]
arr =  [34, 32, 30, 27, 24]
arr =  [50, 49, 47, 45, 42, 41, 40, 39]
arr =  [34, 35, 38, 41, 43, 46]
arr =  [19, 17, 15, 13, 10, 7, 4]
arr =  [54, 51, 49, 47, 45, 43]
arr =  [14, 11, 8, 7, 5, 3]
arr =  [24, 23, 20, 19, 18, 15, 13, 10]
arr =  [54, 55, 56, 59, 61, 63, 64]
arr =  [87, 84, 83, 80, 78, 77]
arr =  [87, 90, 92, 95, 97]
arr =  [4, 6, 9, 12, 14, 16, 17]
arr =  [66, 69, 72, 73, 76, 78, 79]
arr =  [36, 34, 31, 29, 26, 23, 20, 17]
arr =  [11, 10, 9, 8, 5, 4]
arr =  [41, 39, 36, 35, 33, 31, 29]
arr =  [25, 26, 28, 30, 33, 35, 36, 37]
arr =  [68, 65, 62, 60, 59, 58]
arr =  [22, 19, 17, 15, 13, 10, 9]
arr =  [5, 6, 8, 9, 12, 14, 17]
arr =  [90, 87, 85, 83, 80, 77, 75]
arr =  [28, 25, 22, 21, 20]
arr =  [62, 60, 57, 56, 54]
arr =  [90, 87, 86, 84, 81, 80]
arr =  [48, 45, 42, 39, 37, 34]
arr =  [63, 62, 61, 58, 57, 56]
arr =  [75, 74, 71, 70, 68, 67, 65]
arr =  [14, 17, 20, 22, 25, 26]
arr =  [25, 23, 22, 20, 17, 16, 14, 12]
arr =  [29, 28, 25, 24, 21, 18, 16, 14]
arr =  [58, 60, 63, 66, 67, 70, 73]
arr =  [3, 4, 6, 7, 10, 13]
arr =  [11, 8, 5, 3, 1]
arr =  [89, 86, 83, 82, 79, 76, 75, 72]
arr =  [3, 6, 7, 9, 11, 13]
arr =  [40, 42, 44, 45, 47, 50, 52]
arr =  [24, 22, 21, 20, 19, 16, 15, 12]
arr =  [42, 45, 48, 50, 52]
arr =  [4, 5, 7, 10, 11, 14, 15]
arr =  [6, 7, 9, 10, 13, 15]
arr =  [58, 56, 53, 50, 49, 46, 43, 41]
arr =  [17, 18, 21, 24, 25, 28, 30]
arr =  [75, 78, 79, 80, 81, 83, 84, 85]
arr =  [54, 57, 59, 60, 63]
arr =  [81, 79, 76, 73, 70, 67, 65, 62]
arr =  [70, 67, 64, 63, 62, 60, 59, 58]
arr =  [21, 23, 25, 26, 29, 31, 32]
arr =  [64, 67, 69, 71, 72, 74, 77]
arr =  [10, 9, 8, 7, 6]
arr =  [76, 78, 81, 83, 84, 85, 87, 89]
arr =  [80, 77, 75, 74, 73]
arr =  [76, 79, 82, 84, 85, 88]
arr =  [28, 30, 33, 34, 36, 38, 40, 43]
arr =  [40, 39, 38, 35, 32, 29]
arr =  [81, 79, 77, 76, 75, 72, 71, 68]
arr =  [46, 44, 43, 41, 40, 39, 38, 36]
arr =  [35, 32, 30, 29, 28, 26]
arr =  [31, 28, 27, 25, 24, 22]
arr =  [25, 27, 30, 32, 35, 38, 40, 41]
arr =  [87, 90, 93, 96, 98]
arr =  [79, 78, 75, 72, 71, 70, 68]
arr =  [99, 96, 93, 90, 87, 86, 84]
arr =  [21, 20, 18, 16, 13]
arr =  [76, 74, 72, 69, 66, 64, 63]
arr =  [41, 39, 38, 35, 33, 31, 29, 28]
arr =  [27, 29, 31, 34, 36]
arr =  [72, 74, 77, 78, 80, 83]
arr =  [36, 33, 32, 29, 28, 25]
arr =  [28, 29, 31, 33, 34]
arr =  [22, 20, 17, 16, 13, 12, 9]
arr =  [69, 66, 65, 64, 62, 59]
arr =  [81, 83, 84, 86, 87, 89]
arr =  [22, 23, 24, 25, 28, 31]
arr =  [67, 68, 71, 72, 73, 76, 78, 81]
arr =  [84, 81, 78, 75, 72, 70, 69]
arr =  [67, 70, 71, 74, 77, 80, 82, 84]
arr =  [82, 84, 86, 89, 90, 93, 94]
arr =  [20, 17, 16, 13, 12]
arr =  [34, 36, 38, 40, 41, 42, 45]
arr =  [87, 86, 83, 81, 78, 77, 75, 74]
arr =  [97, 96, 94, 92, 91, 90, 88, 86]
arr =  [13, 14, 17, 19, 21, 24, 26]
arr =  [48, 45, 44, 42, 40, 39]
arr =  [71, 68, 65, 64, 63, 60, 57, 54]
arr =  [12, 14, 17, 20, 22]
arr =  [68, 67, 64, 62, 60, 58, 56, 55]
arr =  [6, 8, 11, 12, 15, 16]
arr =  [72, 69, 68, 65, 64, 61, 60]
arr =  [28, 29, 30, 32, 33, 35, 38]
arr =  [66, 64, 63, 60, 58, 55, 52]
arr =  [35, 38, 40, 41, 42]
arr =  [11, 13, 16, 18, 21, 24, 25]
arr =  [29, 31, 34, 36, 37, 40]
arr =  [51, 52, 54, 57, 60, 61, 62]
arr =  [80, 83, 85, 88, 89, 92, 95]
arr =  [85, 86, 88, 89, 90, 93, 96, 98]
arr =  [58, 59, 62, 65, 68, 69, 72]
arr =  [15, 13, 12, 10, 9, 7]
arr =  [46, 45, 42, 39, 36, 34, 31]
arr =  [63, 64, 67, 68, 70]
arr =  [60, 61, 63, 66, 67, 69, 71, 73]
arr =  [8, 10, 11, 13, 15, 16]
arr =  [17, 15, 14, 11, 10, 8]
arr =  [27, 28, 29, 31, 34, 35]
arr =  [40, 37, 35, 32, 30, 28, 25, 24]
arr =  [10, 9, 6, 3, 1]
arr =  [39, 37, 35, 34, 33, 31, 29, 28]
arr =  [10, 12, 13, 16, 18, 19, 21]
arr =  [21, 24, 26, 27, 30, 33]
arr =  [92, 90, 88, 87, 86, 85, 82, 80]
arr =  [92, 90, 89, 87, 86, 84, 81]
arr =  [82, 84, 85, 88, 91, 92]
arr =  [43, 46, 49, 51, 54]
arr =  [40, 38, 36, 34, 33, 30, 28, 27]
arr =  [52, 53, 54, 56, 57, 60, 62, 65]
arr =  [34, 37, 39, 40, 41, 43, 45]
arr =  [43, 45, 48, 50, 53, 54, 56, 57]
arr =  [74, 72, 69, 68, 67, 66, 64, 63]
arr =  [68, 65, 63, 60, 59]
arr =  [12, 13, 15, 16, 18]
arr =  [29, 31, 34, 37, 40, 43]
arr =  [40, 37, 36, 34, 32]
arr =  [60, 63, 65, 66, 67, 68, 70]
arr =  [82, 83, 85, 88, 91]
arr =  [70, 68, 67, 66, 63]
arr =  [55, 52, 51, 49, 46, 43, 40, 38]
arr =  [45, 47, 50, 52, 53, 54, 57, 58]
arr =  [41, 42, 45, 47, 50, 51, 52]
arr =  [31, 29, 28, 25, 23, 20]
arr =  [13, 15, 18, 20, 22, 24]
arr =  [24, 26, 28, 29, 32]
arr =  [65, 62, 60, 57, 56]
arr =  [32, 35, 38, 39, 42, 45, 47]
arr =  [12, 10, 9, 6, 5]
arr =  [30, 27, 26, 23, 22, 19]
arr =  [44, 41, 40, 39, 38, 35, 32, 29]
arr =  [70, 67, 64, 62, 59, 58, 55]
arr =  [45, 46, 49, 52, 54, 57, 58]
arr =  [82, 85, 87, 90, 93, 95]
arr =  [45, 42, 40, 39, 37]
arr =  [74, 77, 80, 82, 83, 84, 86, 88]
arr =  [68, 69, 72, 75, 78, 79, 80]
arr =  [37, 36, 35, 32, 30, 29, 26, 24]
arr =  [60, 59, 56, 55, 53, 52, 51, 49]
arr =  [66, 63, 62, 60, 57, 54, 52]
arr =  [54, 51, 48, 47, 46, 45]
arr =  [51, 52, 53, 56, 57]
arr =  [76, 79, 81, 83, 84, 87, 90]
arr =  [93, 91, 90, 89, 88]
arr =  [75, 74, 73, 70, 69]
arr =  [20, 23, 25, 26, 27, 28, 31, 33]
arr =  [57, 56, 53, 51, 48, 45, 44, 43]
arr =  [31, 29, 28, 25, 22, 21, 18, 15]
arr =  [56, 58, 60, 63, 64]
arr =  [23, 25, 28, 31, 33, 36, 38]
arr =  [43, 40, 38, 37, 36, 35]
arr =  [70, 73, 76, 79, 81]
arr =  [22, 23, 24, 26, 28, 29, 30, 33]
arr =  [80, 82, 85, 87, 90, 91]
arr =  [12, 15, 16, 17, 19, 22, 23]
arr =  [10, 13, 15, 16, 19, 20, 21, 22]
arr =  [1, 2, 3, 5, 7, 10, 13, 15]
arr =  [14, 17, 20, 21, 24, 25, 26, 27]
arr =  [24, 21, 20, 17, 16]
arr =  [43, 44, 47, 48, 51, 54, 57, 58]
arr =  [9, 11, 14, 15, 18, 21]
arr =  [23, 25, 26, 28, 29, 30, 32, 35]
arr =  [28, 25, 22, 20, 17, 16]
arr =  [3, 6, 8, 9, 11]
arr =  [61, 64, 66, 69, 71, 72, 75, 77]
arr =  [59, 60, 63, 65, 68, 70, 71, 73]
arr =  [8, 9, 12, 13, 14]
arr =  [21, 22, 23, 25, 26, 28]
arr =  [74, 72, 71, 70, 67]
arr =  [95, 92, 90, 89, 87, 84, 81, 78]
arr =  [42, 40, 37, 34, 33]
arr =  [14, 13, 10, 8, 7, 6, 4, 2]
arr =  [60, 57, 55, 53, 52]
arr =  [30, 31, 34, 37, 39]
arr =  [85, 86, 89, 90, 93]
arr =  [93, 91, 90, 88, 87, 85]
arr =  [45, 46, 48, 50, 53, 54]
arr =  [13, 15, 17, 19, 20, 21, 22]
arr =  [63, 66, 67, 70, 71, 74, 77, 79]
arr =  [29, 32, 34, 37, 40, 43, 44]
arr =  [50, 49, 48, 46, 43, 40]
arr =  [45, 48, 51, 54, 56]
arr =  [60, 63, 64, 66, 69, 72, 74]
arr =  [64, 65, 67, 69, 70]
arr =  [93, 90, 87, 85, 83]
arr =  [35, 32, 31, 29, 26, 25, 22, 21]
arr =  [52, 53, 54, 55, 58]
arr =  [80, 78, 76, 73, 72, 71]
arr =  [2, 4, 5, 7, 8, 9, 11]
arr =  [21, 23, 26, 28, 29, 31, 33, 35]
arr =  [4, 7, 9, 12, 14]
arr =  [51, 50, 47, 46, 43, 41]
arr =  [1, 3, 6, 9, 10, 13, 15]
arr =  [64, 65, 67, 68, 70, 71]
arr =  [9, 11, 14, 16, 19, 20, 23, 24]
arr =  [69, 66, 65, 63, 62, 60]
arr =  [74, 75, 78, 81, 84, 86]
arr =  [48, 46, 43, 41, 40, 37, 36]
arr =  [30, 27, 24, 21, 18, 17, 15]
arr =  [80, 79, 78, 77, 74, 72, 69, 66]
arr =  [31, 28, 26, 25, 23, 22, 20, 17]
arr =  [66, 69, 71, 72, 73, 75, 78, 80]
arr =  [9, 11, 12, 14, 16, 18, 19]
arr =  [81, 78, 76, 75, 74, 73, 70, 67]
arr =  [5, 8, 11, 12, 15, 17, 19, 20]
arr =  [5, 6, 9, 10, 12]
arr =  [12, 14, 17, 20, 21, 23, 26]
arr =  [23, 26, 28, 29, 31, 33, 36]
arr =  [81, 79, 77, 74, 71]
arr =  [55, 52, 49, 46, 43, 42]
arr =  [27, 25, 23, 20, 18, 15]
arr =  [2, 3, 6, 8, 11, 12, 14]
arr =  [47, 46, 44, 43, 40, 37, 36, 34]
arr =  [95, 93, 90, 89, 86]
arr =  [62, 60, 57, 56, 55, 52, 49, 48]
arr =  [58, 59, 62, 65, 68, 71, 73, 75]
arr =  [90, 87, 85, 84, 81, 79]
arr =  [47, 44, 41, 39, 38, 37, 35, 34]
arr =  [22, 24, 26, 29, 30, 31, 34]
arr =  [94, 93, 91, 88, 87, 84, 81, 80]
arr =  [93, 92, 89, 86, 84, 82]
arr =  [75, 74, 73, 71, 68, 66, 64]
arr =  [12, 13, 15, 17, 19, 21]
arr =  [70, 71, 72, 74, 75, 76]
arr =  [66, 68, 71, 73, 74, 77, 80, 81]
arr =  [12, 11, 10, 8, 5, 2]
arr =  [60, 63, 64, 66, 68, 70]
arr =  [55, 58, 60, 62, 64, 66, 69]
arr =  [41, 40, 38, 36, 33]
arr =  [84, 83, 80, 77, 74, 72, 70]
arr =  [79, 78, 76, 74, 73, 72, 71]
arr =  [29, 32, 34, 36, 38]
arr =  [56, 58, 59, 60, 63, 65, 67, 68]
arr =  [98, 95, 94, 91, 90, 88, 85, 82]
arr =  [39, 42, 43, 44, 47, 49, 51, 54]
arr =  [43, 42, 40, 39, 37]
arr =  [18, 15, 13, 12, 11]
arr =  [59, 56, 53, 52, 51, 48, 47, 46]
arr =  [42, 44, 45, 47, 48, 50, 52, 53]
arr =  [96, 95, 92, 90, 87, 85, 83]
arr =  [41, 40, 38, 37, 36, 34, 31, 28]
arr =  [9, 12, 13, 16, 19]
arr =  [65, 68, 70, 73, 75, 77, 78, 80]
arr =  [37, 38, 39, 40, 42, 43]
arr =  [11, 13, 14, 16, 18, 19, 22, 23]
arr =  [24, 22, 19, 16, 14, 12, 10, 7]
arr =  [13, 12, 10, 9, 6]
arr =  [35, 34, 33, 30, 28]
arr =  [55, 53, 52, 49, 46, 43, 41]
arr =  [85, 82, 81, 78, 77, 76, 74]
arr =  [96, 95, 94, 93, 92, 90, 87, 85]
arr =  [74, 77, 80, 83, 84, 87, 88, 89]
arr =  [81, 82, 85, 87, 88]
arr =  [35, 33, 32, 29, 28, 25, 23]
arr =  [79, 80, 83, 85, 87, 89]
arr =  [87, 86, 84, 82, 81, 79]
arr =  [75, 76, 78, 81, 84, 86, 89]
arr =  [37, 38, 41, 42, 44, 45, 47, 49]
arr =  [21, 24, 26, 29, 30, 33, 34, 37]
arr =  [78, 75, 74, 71, 69, 66]
arr =  [62, 65, 67, 69, 70, 73, 75]
arr =  [75, 77, 79, 80, 81, 83, 86, 89]
arr =  [16, 15, 13, 12, 9, 7, 5]
arr =  [67, 66, 65, 63, 60, 57, 55]
arr =  [43, 41, 38, 35, 34, 31]
arr =  [26, 23, 22, 20, 17]
arr =  [4, 6, 9, 10, 11, 12]
arr =  [71, 69, 67, 65, 64, 61, 60]
arr =  [38, 37, 34, 32, 31, 30, 29, 28]
arr =  [64, 66, 67, 69, 71, 72]
arr =  [34, 36, 37, 40, 42]
arr =  [31, 28, 25, 24, 23]
arr =  [99, 98, 96, 94, 91, 90, 87]
arr =  [31, 28, 27, 24, 23, 21]
arr =  [78, 81, 83, 85, 87, 89, 91]
arr =  [42, 45, 47, 49, 51, 53, 54]
arr =  [42, 44, 47, 48, 49, 51, 54, 57]
arr =  [17, 19, 22, 23, 26, 28, 30]
arr =  [44, 43, 42, 39, 38]
arr =  [18, 17, 16, 13, 11, 10, 8, 7]
arr =  [67, 70, 71, 73, 74]
arr =  [44, 41, 39, 36, 33, 32]
arr =  [69, 71, 74, 75, 77]
arr =  [72, 75, 76, 78, 81, 83, 86]
arr =  [77, 74, 73, 71, 69]
arr =  [62, 64, 67, 69, 71, 72, 74]
arr =  [36, 39, 40, 41, 44]
arr =  [73, 72, 69, 66, 65]
arr =  [16, 19, 22, 24, 25, 28, 31, 32]
arr =  [51, 49, 47, 46, 43]
arr =  [71, 70, 69, 67, 65, 64, 61]
arr =  [31, 34, 37, 40, 41, 43, 46, 49]
arr =  [89, 92, 94, 95, 96]
arr =  [48, 46, 45, 42, 41, 39, 36, 35]
arr =  [32, 31, 28, 25, 22]
arr =  [16, 14, 12, 11, 10]
arr =  [61, 60, 58, 57, 55]
arr =  [20, 19, 16, 15, 13, 11, 8, 7]
arr =  [44, 42, 40, 38, 37, 36]
arr =  [57, 56, 53, 50, 47, 44, 43]
arr =  [82, 80, 79, 78, 76, 75, 74, 73]
arr =  [71, 72, 73, 74, 75]
arr =  [15, 14, 12, 10, 9]
arr =  [29, 28, 25, 23, 21]
arr =  [29, 28, 25, 24, 22, 20]
arr =  [57, 60, 63, 66, 68, 70, 72]
arr =  [13, 11, 9, 6, 5]
arr =  [58, 61, 63, 64, 67, 70]
arr =  [50, 53, 56, 58, 61, 63, 64]
arr =  [82, 85, 86, 89, 90, 91, 93]
arr =  [27, 30, 31, 32, 35, 37, 38]
arr =  [95, 93, 91, 88, 85, 82]
arr =  [42, 39, 37, 35, 33, 30, 28]
arr =  [96, 93, 91, 89, 88]
arr =  [7, 8, 11, 13, 15, 17]
arr =  [76, 74, 73, 72, 70, 67]
arr =  [49, 51, 54, 55, 56, 59, 61]
arr =  [52, 49, 47, 45, 42, 40, 38]
arr =  [65, 66, 68, 70, 73, 76, 78]
arr =  [53, 55, 58, 61, 63, 66, 67, 68]
arr =  [28, 31, 32, 35, 36, 38, 39, 42]
arr =  [96, 95, 93, 90, 87, 86, 83]
arr =  [73, 71, 70, 67, 64, 61]
arr =  [41, 38, 37, 34, 33, 32, 29, 26]
arr =  [69, 70, 72, 74, 77, 80]
arr =  [50, 53, 55, 57, 60, 62, 64]
arr =  [65, 64, 63, 62, 61]
arr =  [48, 47, 46, 45, 42, 41]
arr =  [27, 25, 22, 19, 16, 13, 10]
arr =  [15, 14, 12, 10, 8, 6]
arr =  [44, 41, 38, 36, 34]
arr =  [35, 32, 30, 27, 26, 23, 22, 19]
arr =  [29, 28, 25, 24, 21]
arr =  [84, 85, 86, 87, 89, 92, 93, 94]
arr =  [50, 51, 54, 55, 58]
arr =  [47, 44, 43, 40, 39]
arr =  [68, 65, 63, 62, 59, 58, 57]
arr =  [65, 64, 63, 60, 58, 56, 55]
arr =  [40, 37, 36, 33, 32, 29]
arr =  [47, 49, 51, 54, 55, 57]
arr =  [53, 50, 49, 46, 44, 42]
arr =  [26, 23, 21, 19, 18, 17, 16, 13]
arr =  [53, 54, 56, 58, 59, 60, 62]
arr =  [59, 61, 62, 65, 68, 69, 71, 74]
arr =  [80, 83, 86, 87, 89, 90, 92]
arr =  [63, 62, 59, 58, 55]
arr =  [40, 43, 46, 47, 49]
arr =  [24, 21, 18, 17, 16, 13]
arr =  [47, 48, 50, 52, 53, 54, 57, 59]
arr =  [60, 63, 64, 65, 68, 69, 70]
arr =  [88, 85, 83, 81, 80, 77]
arr =  [90, 88, 86, 83, 81, 80, 79]
arr =  [27, 28, 29, 30, 31, 32]
arr =  [4, 5, 8, 11, 12, 14, 15, 17]
arr =  [33, 31, 29, 27, 24, 23, 22]
arr =  [51, 50, 49, 48, 46]
arr =  [96, 93, 92, 90, 87, 86, 83]
arr =  [56, 58, 60, 61, 63]
arr =  [46, 43, 42, 40, 39, 36, 33, 31]
arr =  [55, 58, 59, 62, 63, 65]
arr =  [78, 76, 74, 73, 72, 69, 67, 65]
arr =  [76, 75, 74, 72, 69, 66, 63, 60]
arr =  [39, 36, 33, 31, 30, 28]
arr =  [18, 19, 22, 23, 26, 29, 32, 35]
arr =  [37, 39, 40, 42, 45, 48]
arr =  [61, 59, 57, 55, 54, 51, 48, 47]
arr =  [55, 54, 51, 48, 46, 43, 41, 38]
arr =  [87, 84, 83, 82, 81, 78]
arr =  [61, 59, 56, 55, 54]
arr =  [33, 34, 35, 38, 41, 44, 45, 47]
arr =  [67, 66, 64, 62, 61]
arr =  [41, 43, 44, 46, 49, 50, 51]
arr =  [94, 91, 90, 89, 87, 86, 83, 80]
arr =  [88, 91, 92, 95, 98, 99]
arr =  [17, 15, 13, 12, 10, 7, 5]
arr =  [82, 85, 86, 88, 89, 91]
arr =  [99, 98, 97, 96, 95, 92, 89, 86]
arr =  [54, 51, 48, 45, 44]
arr =  [45, 43, 40, 38, 37, 36, 33, 31]
arr =  [20, 22, 24, 25, 27]
arr =  [12, 11, 8, 7, 6, 5, 4]
arr =  [25, 23, 22, 21, 18, 15, 14, 12]
arr =  [25, 22, 20, 18, 16]
arr =  [54, 53, 50, 49, 46, 43, 42]
arr =  [82, 83, 84, 87, 90, 91]
arr =  [23, 26, 29, 31, 34, 35, 37]
arr =  [68, 65, 63, 60, 59, 57]
arr =  [85, 86, 87, 89, 91]
arr =  [4, 6, 9, 11, 13, 15, 16]
arr =  [31, 30, 27, 25, 23, 21, 18]
arr =  [24, 25, 28, 29, 31, 34, 35]
arr =  [25, 23, 22, 20, 17, 16, 15, 14]
arr =  [63, 61, 60, 57, 54, 52, 51]
arr =  [77, 80, 82, 84, 87, 88, 89]
arr =  [2, 5, 8, 10, 12, 14, 16]
ans 535
[Finished in 0.4s]
